franka_pole:
  control: [ 8.53149121e+01, 1.97783488e+01, 1.00000000e+01, 1.59353250e+01, 5.19597825e+01, 1.14967702e+01, 5.00000000e+00, 8.24415788e+00 ]
  translation_stiffness: [ 0.0, 0.0, .NaN ]