franka_pole:
  control: [ 9.72130502e+01, 2.64981356e+01, 1.00000000e+01, 1.66790810e+01, 5.91061247e+01, 1.57597186e+01, 5.00000000e+00, 8.67472718e+00 ]
  translation_stiffness: [ 0.0, 0.0, .NaN ]