$(arg namespace):
  control: [ 85.3149121, 19.7783488, 20.0, 31.87065, 51.9597825, 11.4967702, 10.0, 16.48831576 ]
  translation_stiffness: [ 0.0, 0.0, .NaN ]