franka_pole:
  control: [ 0.0, 0.0, 0.0, 0.0, 84.4717672, 19.32872174, 10.0, 15.88129816 ]
  outbound_translation_stiffness: [ 200.0, 0.0, 200.0 ]