$(arg namespace):
  control: [ 97.2130502, 26.4981356, 20.0, 33.358162, 59.1061247, 15.7597186, 10.0, 17.34945436 ]
  translation_stiffness: [ 0.0, 0.0, .NaN ]